349.155
176.336
148.630
116.954
88.384
139.850
188.519
161.309
212.607
139.059
104.757
94.866
228.460
273.045
71.530
133.725
116.656
292.798
218.158
24.431
173.302
94.928
104.146
269.356
69.988
85.566
183.629
76.177
216.730
72.125
47.728
20.590
174.685
401.789
197.708
126.039
354.283
171.855
403.916
472.238
116.333
233.475
229.199
31.361
95.226
46.000
137.608
104.039
125.198
161.271
197.231
157.731
98.997
220.705
32.682
174.730
203.622
426.627
219.503
75.684
344.032
62.844
217.639
126.820
256.271
536.245
144.808
62.167
209.548
395.259
212.156
103.194
162.467
472.484
82.063
332.028
23.878
74.421
152.088
444.357
131.622
236.240
179.974
202.341
94.379
168.337
160.367
170.583
93.939
313.423
274.175
32.945
70.278
595.467
65.787
74.245
369.942
177.332
97.744
133.990
306.069
44.102
202.177
112.052
78.753
136.532
33.638
23.311
427.258
133.506
18.067
86.248
377.737
36.227
99.093
288.718
55.901
107.343
231.133
50.876
301.649
76.593
110.292
87.930
150.392
197.729
351.515
105.118
150.463
208.977
92.900
97.214
49.709
27.068
163.398
88.152
177.223
160.014
146.237
36.096
95.338
82.877
72.505
218.102
168.020
93.430
291.752
187.209
204.961
159.153
39.683
147.856
566.063
51.069
147.929
262.473
390.074
248.719
161.256
124.935
130.628
123.766
263.777
51.321
36.329
65.459
132.226
221.500
145.565
126.473
47.974
116.848
111.893
275.633
134.012
271.013
234.577
459.100
294.455
525.270
256.668
151.487
148.174
133.344
59.098
225.241
162.490
192.761
124.111
123.379
336.805
288.536
201.550
535.024
34.666
241.708
105.492
742.541
176.642
218.092
188.728
130.430
70.178
75.979
452.055
100.677
171.901
351.235
71.635
115.605
71.516
163.831
145.842
386.666
468.988
311.891
84.568
248.282
86.602
136.336
60.638
90.831
115.388
87.189
199.207
70.186
59.419
334.993
89.628
155.393
150.637
642.552
145.898
207.226
285.273
216.495
93.538
96.360
169.306
33.762
591.083
112.013
148.199
238.944
23.705
425.562
174.966
50.452
125.373
88.167
125.529
115.790
95.972
172.145
250.708
293.487
72.248
72.716
33.665
339.563
231.319
194.195
226.342
147.553
91.954
150.857
212.423
76.280
78.690
228.759
83.271
53.855
55.739
127.607
125.948
66.887
415.015
366.900
83.762
151.744
63.507
212.321
135.028
222.230
117.368
260.906
117.144
329.671
110.284
82.971
93.755
50.409
229.525
126.067
121.454
67.877
49.254
331.597
251.466
117.354
