102.042478639936
76.5894993760935
202.369357736839
165.747802952886
299.096529730033
83.4349086100622
189.374285480568
107.822608442556
61.8424106570365
233.29534393267
125.608806855872
408.546569738363
90.9870245925887
386.967780377497
180.956166487215
49.7274975485419
112.570584500368
447.833257488411
185.146347179401
210.83727650711
137.238654976833
263.683972369796
99.5195387849984
75.5201968425175
101.282191652582
296.427605010287
470.120699627533
243.648890542204
236.637975007591
57.9007322789906
39.8019703170472
19.2570279541369
180.041522442707
83.5095421160586
274.727127067
140.456360416381
149.040944433578
94.1733551676239
58.3804145175243
178.508078101829
378.062839178524
80.7345731739028
32.6554855521401
76.9975055842631
472.449560496469
30.2868451921791
128.388744140625
143.6119633026
57.3413304783141
238.416453132543
207.339963095491
220.736164627659
220.337342560113
59.1338720365506
46.5491200521538
66.3988396390275
254.439778918181
364.398559444788
170.305517759366
177.053428756742
228.07930706283
515.555971719511
453.70674352572
152.088804181108
401.038260451179
210.90556838136
217.499436426269
238.651072572778
50.2427272842015
11.7201621816294
168.700960910839
121.259326697938
140.149319670985
400.980247758002
205.540751676134
168.845678125253
243.107820195641
90.4708706878326
134.50031053723
204.16162168864
50.6355310253927
190.190437815527
43.7538378712205
163.605659816436
105.328829093666
340.58917025259
165.647699588066
141.663576838083
39.6533507940963
101.814588740576
56.3151066823582
126.200290648939
5.22656218870077
109.893591395798
280.533171517879
151.837035921929
145.270685911282
71.355717979073
189.664214103618
103.92537049692
63.4436008008669
91.4798438568205
412.722532656158
399.963416794584
174.126939308158
301.208050535064
132.318376723254
180.979069969089
86.370208291502
237.515947732901
184.047438937572
177.436042356132
193.551184882157
54.3386999772389
76.6142160129938
276.217449917987
216.582787109605
50.016830870224
182.358528992431
323.633237344037
55.6130229462995
99.7690488491666
194.914828581522
282.516332085086
94.4397947001678
532.287495176324
139.863154675737
294.254273467446
269.115214974828
212.741719209824
34.6191030782842
24.5613029690986
293.764221880448
202.321527353527
150.922519166438
200.351152594271
384.757717259526
129.657853686798
107.531616422663
45.9461167297682
169.271434955557
80.8199091340746
59.5220274438651
258.858274129022
137.911445517634
71.2483555231959
234.723802494179
140.081099771911
85.8415308853954
8.67936731108773
565.995627081985
306.022671584596
74.180895293768
150.205642731374
35.2283854447101
95.5452106568542
144.406221439486
94.0975130313844
172.283753006676
91.0525104588704
196.511376862982
55.9636754147571
166.663237358685
335.150562329819
717.302796340971
215.01654538245
465.094600664459
249.668753287024
355.540198075113
173.922674538067
171.949169912271
123.841512407852
162.623633976683
167.716373648341
54.3483523861192
108.577988842869
137.620799022031
195.293855251404
272.682532856081
79.2801323961447
120.017878030932
203.26239994633
85.4350603810087
87.8463207480742
25.2733479176917
30.1159797627542
270.432793046289
150.499784732391
252.693494672001
28.8984430557207
144.257887645284
107.343618030961
90.1853859197563
65.1847228054024
88.6043519654308
335.89654729161
157.273717022357
202.922174233157
165.033889995111
92.0875560806964
152.117084238763
175.304835885956
194.067655569782
233.823980349956
131.02068906426
73.1586653083072
277.210199094466
247.487548872258
231.953801710991
185.11043582798
135.343942399326
643.763664244144
42.6123963727586
85.2046836773263
103.364030978674
150.422582436701
451.261241691997
131.695977509348
118.928417267399
218.408082987641
45.1223100011897
157.354153241831
134.390092625737
292.659958477655
90.2190310429063
157.409434353536
203.774787044489
360.058807883925
72.5943272453568
36.9256735945614
183.354642911299
134.044653521574
150.886228643723
53.3610892578528
479.781212313869
71.3820329178015
72.5020263645382
9.27969166276016
326.885527998654
446.653532962254
50.7336050677975
24.8024485743128
287.796575626036
115.502744389772
196.851623891899
60.1803113971751
224.3526632225
278.69970553025
170.048553975227
23.9313906977765
185.738380763485
67.504069720016
340.251965183423
236.825159341179
268.380180383196
69.8427716930824
72.9159891107718
144.271769654471
234.904834574204
236.974047143946
249.730180826067
58.3584176563668
52.3774124685315
270.556912914889
178.955036039779
94.3345099998415
89.2332917498469
530.663971814578
78.9818926515505
71.9033339260307
68.9024525907372
280.530129934336
305.725517766077
178.25863740212
116.24496982562
218.532416688161
474.366932093426
403.600659222574
252.071541428619
92.412728879522
166.863077887933
152.147120811915
272.514998768265
265.696587604404
62.4618912852532
167.338482376387
342.041099611581
29.4464328144923
87.6836991498802
23.1500055945152
451.8564035556
6.644939533024
388.875732186849
134.542837517647
263.916568463423
212.685384585167
130.490227131875
257.25153337269
10.6928675224563
208.251345410336
